1 19
1 13
1 43
1 9
1 50
1 7
1 6
1 33
1 35
1 39
1 32
1 55
1 25
1 15
1 49
1 45
1 52
1 24
1 42
1 28
1 8
1 23
1 38
1 40
1 1
1 34
1 54
1 21
1 27
1 46
1 2
1 5
2 15
2 12
2 20
2 2
2 5
3 41
3 28
3 3
3 14
3 13
3 43
3 36
3 26
3 21
3 39
3 15
3 27
3 53
3 45
3 46
3 18
3 5
3 32
4 22
4 25
4 28
4 43
4 4
4 50
4 8
4 49
4 45
4 20
4 40
4 32
4 55
5 22
5 28
5 54
5 43
5 7
5 6
5 21
5 35
5 15
5 33
5 53
5 8
5 38
5 45
5 1
5 27
5 40
5 24
5 5
5 32
6 14
6 43
6 7
6 33
6 6
6 32
6 15
6 53
6 49
6 45
6 24
6 41
6 28
6 38
6 40
6 1
6 3
6 54
6 37
6 21
6 27
6 5
7 28
7 43
7 9
7 7
7 33
7 21
7 6
7 15
7 27
7 38
7 45
7 1
7 24
7 5
7 32
7 55
8 13
8 43
8 50
8 6
8 32
8 55
8 15
8 10
8 53
8 45
8 20
8 4
8 22
8 28
8 8
8 23
8 38
8 40
8 1
8 54
8 21
8 5
9 14
9 13
9 43
9 9
9 33
9 6
9 35
9 12
9 31
9 32
9 25
9 11
9 17
9 10
9 15
9 45
9 52
9 28
9 8
9 23
9 40
9 1
9 54
9 21
9 27
9 46
9 5
10 25
10 11
10 13
10 48
10 43
10 9
10 10
10 40
10 55
11 9
11 10
11 40
11 11
12 25
12 40
12 14
12 43
12 17
12 48
12 9
12 50
12 6
12 15
12 10
12 8
12 12
12 1
12 46
12 18
12 2
12 24
12 32
13 13
13 43
13 48
13 9
13 10
13 38
13 40
13 16
13 55
14 28
14 30
14 13
14 43
14 14
14 50
14 6
14 21
14 15
14 27
14 12
14 45
14 1
14 52
14 24
14 5
14 32
15 43
15 50
15 7
15 6
15 33
15 32
15 11
15 15
15 53
15 49
15 45
15 51
15 52
15 24
15 22
15 28
15 42
15 41
15 8
15 38
15 18
15 40
15 1
15 54
15 21
15 27
15 5
16 11
16 17
16 29
16 6
16 10
16 49
16 38
16 40
16 16
16 34
17 25
17 40
17 36
17 11
17 43
17 17
17 9
17 39
17 12
17 8
17 1
17 20
17 18
17 2
17 16
18 3
18 28
18 41
18 36
18 13
18 37
18 11
18 25
18 43
18 26
18 39
18 35
18 15
18 53
18 8
18 18
19 28
19 19
19 13
19 50
19 7
19 39
19 15
19 35
19 53
19 8
19 23
19 27
19 45
19 46
19 38
19 24
19 1
19 5
19 32
19 34
20 22
20 20
20 17
20 50
20 8
20 46
20 4
20 1
20 55
21 43
21 7
21 33
21 6
21 32
21 15
21 53
21 51
21 52
21 45
21 24
21 41
21 28
21 8
21 38
21 23
21 18
21 1
21 3
21 21
21 27
21 5
22 22
22 28
22 42
22 25
22 54
22 43
22 50
22 21
22 15
22 8
22 20
22 31
22 40
22 24
22 5
22 32
23 19
23 13
23 43
23 9
23 6
23 35
23 39
23 32
23 55
23 15
23 45
23 24
23 28
23 8
23 38
23 23
23 1
23 34
23 30
23 21
23 27
23 46
24 46
24 28
24 19
24 13
24 9
24 6
24 21
24 35
24 15
24 27
24 12
24 38
24 23
24 52
24 45
24 24
24 40
24 1
24 5
24 34
25 14
25 43
25 48
25 9
25 10
25 8
25 12
25 52
25 18
25 4
25 1
25 55
26 41
26 28
26 3
26 36
26 54
26 43
26 50
26 26
26 39
26 15
26 53
26 45
26 18
26 5
26 55
27 19
27 43
27 50
27 7
27 6
27 33
27 39
27 12
27 32
27 15
27 53
27 45
27 52
27 24
27 28
27 38
27 23
27 1
27 21
27 27
27 46
27 5
28 43
28 50
28 7
28 6
28 33
28 35
28 39
28 31
28 32
28 55
28 10
28 15
28 53
28 45
28 20
28 16
28 24
28 41
28 28
28 8
28 38
28 40
28 1
28 3
28 21
28 27
28 5
29 25
29 54
29 4
29 48
29 53
29 8
29 12
29 31
29 40
30 41
30 22
30 28
30 14
30 37
30 43
30 15
30 27
30 12
30 38
30 52
30 18
30 5
30 32
31 22
31 42
31 28
31 19
31 54
31 43
31 48
31 13
31 50
31 29
31 21
31 15
31 8
31 45
31 52
31 31
31 40
31 1
31 5
31 32
32 13
32 43
32 9
32 50
32 7
32 6
32 33
32 32
32 15
32 53
32 45
32 4
32 41
32 28
32 8
32 23
32 18
32 1
32 21
32 27
32 46
32 5
33 28
33 43
33 7
33 6
33 21
33 33
33 15
33 27
33 47
33 45
33 1
33 5
33 32
34 19
34 43
34 35
34 38
34 23
34 1
34 46
34 24
34 32
34 34
35 25
35 36
35 19
35 43
35 35
35 15
35 49
35 23
35 38
35 46
35 24
35 1
35 34
36 41
36 3
36 36
36 11
36 43
36 48
36 17
36 26
36 35
36 10
36 39
36 53
36 12
36 18
36 40
37 28
37 37
37 39
37 15
37 38
37 45
37 52
37 16
37 5
38 19
38 14
38 13
38 6
38 39
38 35
38 32
38 26
38 15
38 45
38 52
38 24
38 41
38 28
38 48
38 23
38 38
38 18
38 1
38 34
38 54
38 21
38 27
38 46
38 5
39 41
39 3
39 36
39 37
39 13
39 43
39 48
39 26
39 39
39 53
39 38
39 52
39 18
39 40
39 16
39 5
40 54
40 13
40 43
40 29
40 10
40 15
40 16
40 12
40 49
40 31
40 40
40 1
40 55
41 13
41 43
41 6
41 39
41 11
41 26
41 15
41 53
41 51
41 52
41 22
41 28
41 41
41 36
41 38
41 18
41 1
41 3
41 37
41 21
41 27
41 5
42 22
42 25
42 28
42 42
42 43
42 15
42 12
42 49
42 23
42 31
42 40
42 1
42 5
42 55
43 14
43 13
43 19
43 43
43 9
43 50
43 7
43 6
43 33
43 35
43 12
43 32
43 55
43 44
43 25
43 15
43 53
43 45
43 52
43 4
43 24
43 28
43 8
43 23
43 38
43 18
43 1
43 34
43 54
43 21
43 27
43 46
43 5
44 9
44 44
44 12
45 43
45 7
45 33
45 6
45 39
45 32
45 55
45 26
45 15
45 53
45 45
45 4
45 24
45 41
45 28
45 38
45 23
45 18
45 40
45 1
45 34
45 54
45 21
45 27
45 46
45 5
46 46
46 28
46 19
46 54
46 43
46 4
46 35
46 16
46 27
46 8
46 38
46 45
46 1
46 23
46 40
46 24
46 32
46 34
47 28
47 18
47 43
47 15
48 28
48 14
48 13
48 17
48 11
48 48
48 10
48 27
48 12
48 23
48 8
48 31
48 40
48 1
49 42
49 25
49 48
49 50
49 26
49 15
49 27
49 8
49 23
49 49
49 20
49 40
49 5
50 22
50 28
50 42
50 43
50 50
50 15
50 8
50 12
50 38
50 23
50 20
50 4
50 1
50 55
51 22
51 28
51 41
51 43
51 7
51 15
51 53
51 8
51 45
51 51
51 18
51 1
51 32
52 37
52 43
52 21
52 39
52 15
52 8
52 38
52 23
52 1
52 52
52 18
52 24
52 5
52 32
52 34
53 41
53 25
53 28
53 36
53 11
53 43
53 19
53 3
53 26
53 39
53 15
53 27
53 12
53 8
53 51
53 52
53 45
53 53
53 18
53 5
54 22
54 42
54 54
54 43
54 15
54 49
54 23
54 8
54 31
54 40
54 1
55 22
55 25
55 40
55 13
55 43
55 50
55 10
55 8
55 20
55 31
55 4
55 55
